4.100	9.141
4.100	10.495
4.100	10.478
4.100	10.509
4.100	10.530
4.100	10.627
4.100	9.195
4.100	10.509
4.100	9.216
4.100	9.209
4.100	9.080
4.100	9.170
4.100	10.579
4.100	9.100
4.100	9.243
4.100	10.486
4.100	9.092
4.100	10.605
4.100	9.086
4.100	10.487
4.100	10.473
4.100	10.630
4.100	10.496
4.100	10.553
4.100	10.501
4.100	10.521
4.100	9.201
4.100	10.581
4.100	10.574
4.100	10.605
4.100	10.617
4.100	8.948
4.100	9.227
4.100	9.056
4.100	10.524
4.100	10.517
4.100	10.649
4.100	9.040
4.100	10.559
4.100	10.483
4.100	10.581
4.100	10.475
4.100	9.193
4.100	8.902
4.100	9.152
4.100	9.074
4.100	10.556
4.100	9.152
4.100	10.628
4.100	9.171
4.100	10.654
4.100	10.587
4.100	9.237
4.100	9.202
4.100	10.471
4.100	9.026
4.100	10.518
4.100	9.179
4.100	9.235
4.100	9.178
4.100	9.196
4.100	9.236
4.100	10.490
4.100	9.161
4.100	9.134
4.100	10.538
4.100	9.128
4.100	10.710
4.100	10.489
4.100	9.168
4.100	9.173
4.100	10.485
4.100	9.178
4.100	9.146
4.100	10.671
4.100	9.026
4.100	9.103
4.100	10.538
4.100	10.597
4.100	9.140
4.100	10.472
4.100	10.479
4.100	10.475
4.100	8.969
4.100	9.115
4.100	10.545
4.100	10.476
4.100	8.954
4.100	10.546
4.100	9.125
4.100	8.785
4.100	10.545
4.100	10.611
4.100	9.165
4.100	8.872
4.100	8.815
4.100	9.189
4.100	9.154
4.100	8.978
4.100	10.473
1.100	0.177
1.100	0.165
1.100	0.113
1.100	0.140
1.100	0.191
1.100	0.170
1.100	0.175
1.100	0.121
1.100	0.176
1.100	0.161
1.100	0.105
1.100	0.179
1.100	0.185
1.100	0.143
1.100	2.519
1.100	0.123
1.100	0.105
1.100	0.149
1.100	0.185
1.100	0.174
1.100	2.565
1.100	2.516
1.100	3.047
1.100	2.760
1.100	2.843
1.100	2.531
1.100	2.674
1.100	2.627
1.100	2.542
1.100	2.579
1.100	2.729
1.100	2.825
1.100	2.669
1.100	2.820
1.100	2.582
1.100	0.128
1.100	0.116
1.100	2.812
1.100	2.825
1.100	2.698
1.100	0.137
1.100	0.137
1.100	0.174
1.100	0.124
1.100	0.187
1.100	0.138
1.100	0.114
1.100	0.173
1.100	0.173
1.100	2.514
1.100	2.498
1.100	2.524
1.100	2.755
1.100	2.607
1.100	0.121
1.100	0.127
1.100	0.106
1.100	0.150
1.100	0.104
1.100	0.170
1.100	0.158
1.100	0.153
1.100	2.515
1.100	2.776
1.100	2.617
1.100	2.684
1.100	2.817
1.100	0.180
1.100	0.143
1.100	0.134
1.100	0.168
1.100	2.749
1.100	3.159
1.100	0.133
1.100	0.164
1.100	0.153
1.100	2.612
1.100	2.684
1.100	2.535
1.100	2.777
1.100	2.499
1.100	2.682
1.100	2.619
1.100	2.654
1.100	2.586
1.100	2.734
1.100	2.747
1.100	2.811
1.100	2.547
1.100	2.520
1.100	0.127
1.100	0.145
1.100	0.155
1.100	2.641
1.100	2.769
1.100	2.885
1.100	2.495
1.100	2.495
1.100	0.143
1.100	0.136
2.100	2.950
2.100	2.903
2.100	0.118
2.100	0.241
2.100	0.217
2.100	0.268
2.100	0.144
2.100	0.116
2.100	2.971
2.100	3.116
2.100	3.152
2.100	2.928
2.100	3.083
2.100	2.922
2.100	2.896
2.100	0.155
2.100	0.121
2.100	2.853
2.100	2.918
2.100	3.061
2.100	2.873
2.100	2.849
2.100	0.146
2.100	0.145
2.100	0.153
2.100	3.012
2.100	2.926
2.100	2.841
2.100	3.189
2.100	2.855
2.100	3.075
2.100	2.830
2.100	3.046
2.100	2.885
2.100	3.179
2.100	2.924
2.100	3.035
2.100	3.370
2.100	2.828
2.100	2.856
2.100	0.243
2.100	0.118
2.100	0.185
2.100	0.230
2.100	0.215
2.100	2.857
2.100	0.230
2.100	3.065
2.100	0.183
2.100	0.246
2.100	2.853
2.100	0.146
2.100	2.976
2.100	0.214
2.100	3.027
2.100	2.864
2.100	3.025
2.100	3.062
2.100	2.977
2.100	0.195
2.100	0.202
2.100	0.280
2.100	2.839
2.100	0.197
2.100	0.134
2.100	0.188
2.100	2.835
2.100	3.044
2.100	2.882
2.100	0.267
2.100	0.254
2.100	0.267
2.100	0.111
2.100	0.247
2.100	0.263
2.100	0.208
2.100	0.264
2.100	0.117
2.100	0.157
2.100	0.205
2.100	0.117
2.100	0.183
2.100	2.852
2.100	2.992
2.100	0.226
2.100	0.206
2.100	0.272
2.100	2.847
2.100	0.122
2.100	2.840
2.100	2.976
2.100	0.219
2.100	0.227
2.100	0.137
2.100	3.279
2.100	2.862
2.100	2.933
2.100	0.216
2.100	0.249
2.100	0.122
3.100	4.807
3.100	5.224
3.100	5.195
3.100	4.827
3.100	4.814
3.100	5.189
3.100	5.175
3.100	4.810
3.100	5.200
3.100	5.166
3.100	5.174
3.100	4.769
3.100	5.213
3.100	5.177
3.100	5.210
3.100	5.198
3.100	4.776
3.100	4.689
3.100	5.170
3.100	4.825
3.100	5.173
3.100	4.819
3.100	5.172
3.100	5.225
3.100	4.790
3.100	5.162
3.100	4.713
3.100	4.828
3.100	4.815
3.100	4.772
3.100	5.243
3.100	5.229
3.100	5.195
3.100	5.193
3.100	5.179
3.100	4.814
3.100	5.173
3.100	4.786
3.100	4.825
3.100	4.827
3.100	4.819
3.100	5.228
3.100	5.196
3.100	5.193
3.100	4.825
3.100	4.798
3.100	4.826
3.100	5.172
3.100	5.190
3.100	5.219
3.100	4.828
3.100	5.229
3.100	4.822
3.100	5.181
3.100	4.821
3.100	4.814
3.100	5.170
3.100	5.173
3.100	5.228
3.100	5.163
3.100	5.247
3.100	4.828
3.100	4.771
3.100	5.227
3.100	5.190
3.100	5.172
3.100	4.824
3.100	4.798
3.100	5.163
3.100	5.215
3.100	5.168
3.100	4.822
3.100	4.821
3.100	4.780
3.100	4.783
3.100	5.249
3.100	4.816
3.100	5.197
3.100	4.824
3.100	4.823
3.100	4.824
3.100	4.804
3.100	4.827
3.100	4.737
3.100	5.222
3.100	4.828
3.100	4.774
3.100	5.168
3.100	4.819
3.100	4.790
3.100	5.214
3.100	4.794
3.100	5.163
3.100	4.819
3.100	4.829
3.100	5.170
3.100	4.827
3.100	4.791
3.100	5.191
3.100	5.190
