3.700	0.817
3.700	0.830
3.700	0.829
3.700	0.824
3.700	0.838
3.700	0.833
3.700	0.556
3.700	0.841
3.700	0.515
3.700	0.576
3.700	0.850
3.700	0.815
3.700	0.852
3.700	0.578
3.700	0.556
3.700	0.820
3.700	0.817
3.700	0.552
3.700	0.571
3.700	0.526
3.700	0.563
3.700	0.541
3.700	0.552
3.700	0.812
3.700	0.566
3.700	0.560
3.700	0.533
3.700	0.876
3.700	0.565
3.700	0.540
3.700	0.848
3.700	0.817
3.700	0.557
3.700	0.812
3.700	0.560
3.700	0.886
3.700	0.559
3.700	0.839
3.700	0.572
3.700	0.814
3.700	0.558
3.700	0.546
3.700	0.825
3.700	0.551
3.700	0.835
3.700	0.547
3.700	0.579
3.700	0.515
3.700	0.529
3.700	0.577
3.700	0.823
3.700	0.820
3.700	0.825
3.700	0.536
3.700	0.555
3.700	0.820
3.700	0.543
3.700	0.819
3.700	0.550
3.700	0.560
3.700	0.826
3.700	0.816
3.700	0.827
3.700	0.554
3.700	0.814
3.700	0.817
3.700	0.819
3.700	0.849
3.700	0.833
3.700	0.568
3.700	0.567
3.700	0.553
3.700	0.561
3.700	0.854
3.700	0.574
3.700	0.833
3.700	0.833
3.700	0.565
3.700	0.573
3.700	0.839
3.700	0.845
3.700	0.824
3.700	0.544
3.700	0.812
3.700	0.554
3.700	0.814
3.700	0.573
3.700	0.839
3.700	0.818
3.700	0.558
3.700	0.816
3.700	0.813
3.700	0.538
3.700	0.566
3.700	0.571
3.700	0.546
3.700	0.578
3.700	0.815
3.700	0.823
3.700	0.835
0.700	0.719
0.700	0.686
0.700	0.688
0.700	0.686
0.700	0.682
0.700	0.686
0.700	0.686
0.700	0.688
0.700	0.684
0.700	0.679
0.700	0.688
0.700	0.681
0.700	0.685
0.700	0.688
0.700	0.687
0.700	0.686
0.700	0.687
0.700	0.683
0.700	0.686
0.700	0.687
0.700	0.686
0.700	0.687
0.700	0.687
0.700	0.688
0.700	0.686
0.700	0.685
0.700	0.685
0.700	0.683
0.700	0.681
0.700	0.688
0.700	0.719
0.700	0.721
0.700	0.717
0.700	0.725
0.700	0.718
0.700	0.721
0.700	0.717
0.700	0.724
0.700	0.718
0.700	0.721
0.700	0.721
0.700	0.718
0.700	0.726
0.700	0.718
0.700	0.717
0.700	0.718
0.700	0.719
0.700	0.684
0.700	0.717
0.700	0.719
0.700	0.719
0.700	0.720
0.700	0.730
0.700	0.727
0.700	0.722
0.700	0.718
0.700	0.716
0.700	0.719
0.700	0.721
0.700	0.717
0.700	0.721
0.700	0.723
0.700	0.685
0.700	0.687
0.700	0.686
0.700	0.687
0.700	0.683
0.700	0.685
0.700	0.688
0.700	0.688
0.700	0.683
0.700	0.685
0.700	0.687
0.700	0.687
0.700	0.683
0.700	0.724
0.700	0.719
0.700	0.687
0.700	0.684
0.700	0.687
0.700	0.683
0.700	0.687
0.700	0.686
0.700	0.716
0.700	0.683
0.700	0.724
0.700	0.724
0.700	0.722
0.700	0.719
0.700	0.718
0.700	0.722
0.700	0.727
0.700	0.725
0.700	0.732
0.700	0.717
0.700	0.723
0.700	0.728
0.700	0.729
0.700	0.728
0.700	0.729
1.700	0.728
1.700	0.716
1.700	0.676
1.700	0.677
1.700	0.674
1.700	0.717
1.700	0.719
1.700	0.675
1.700	0.720
1.700	0.717
1.700	0.721
1.700	0.718
1.700	0.677
1.700	0.673
1.700	0.677
1.700	0.678
1.700	0.678
1.700	0.720
1.700	0.676
1.700	0.717
1.700	0.677
1.700	0.673
1.700	0.676
1.700	0.722
1.700	0.723
1.700	0.717
1.700	0.675
1.700	0.743
1.700	0.674
1.700	0.729
1.700	0.677
1.700	0.716
1.700	0.720
1.700	0.677
1.700	0.716
1.700	0.675
1.700	0.677
1.700	0.678
1.700	0.675
1.700	0.716
1.700	0.675
1.700	0.720
1.700	0.676
1.700	0.678
1.700	0.677
1.700	0.719
1.700	0.717
1.700	0.749
1.700	0.724
1.700	0.677
1.700	0.743
1.700	0.716
1.700	0.677
1.700	0.676
1.700	0.670
1.700	0.677
1.700	0.677
1.700	0.678
1.700	0.675
1.700	0.675
1.700	0.677
1.700	0.675
1.700	0.677
1.700	0.725
1.700	0.725
1.700	0.715
1.700	0.729
1.700	0.678
1.700	0.677
1.700	0.717
1.700	0.721
1.700	0.748
1.700	0.677
1.700	0.674
1.700	0.716
1.700	0.719
1.700	0.676
1.700	0.715
1.700	0.721
1.700	0.735
1.700	0.677
1.700	0.734
1.700	0.717
1.700	0.677
1.700	0.677
1.700	0.728
1.700	0.718
1.700	0.723
1.700	0.721
1.700	0.730
1.700	0.678
1.700	0.677
1.700	0.730
1.700	0.719
1.700	0.735
1.700	0.672
1.700	0.719
1.700	0.724
1.700	0.678
1.700	0.676
2.700	0.662
2.700	0.666
2.700	0.732
2.700	0.733
2.700	0.667
2.700	0.671
2.700	0.654
2.700	0.668
2.700	0.667
2.700	0.665
2.700	0.667
2.700	0.668
2.700	0.672
2.700	0.666
2.700	0.667
2.700	0.670
2.700	0.669
2.700	0.746
2.700	0.739
2.700	0.670
2.700	0.747
2.700	0.667
2.700	0.664
2.700	0.670
2.700	0.662
2.700	0.732
2.700	0.664
2.700	0.665
2.700	0.654
2.700	0.665
2.700	0.735
2.700	0.659
2.700	0.661
2.700	0.735
2.700	0.736
2.700	0.738
2.700	0.669
2.700	0.664
2.700	0.735
2.700	0.734
2.700	0.731
2.700	0.670
2.700	0.734
2.700	0.666
2.700	0.742
2.700	0.756
2.700	0.746
2.700	0.667
2.700	0.739
2.700	0.733
2.700	0.671
2.700	0.733
2.700	0.655
2.700	0.733
2.700	0.739
2.700	0.732
2.700	0.758
2.700	0.736
2.700	0.744
2.700	0.743
2.700	0.670
2.700	0.739
2.700	0.672
2.700	0.734
2.700	0.667
2.700	0.738
2.700	0.753
2.700	0.732
2.700	0.753
2.700	0.651
2.700	0.733
2.700	0.732
2.700	0.745
2.700	0.734
2.700	0.665
2.700	0.732
2.700	0.670
2.700	0.755
2.700	0.741
2.700	0.734
2.700	0.670
2.700	0.752
2.700	0.669
2.700	0.670
2.700	0.665
2.700	0.737
2.700	0.733
2.700	0.665
2.700	0.666
2.700	0.737
2.700	0.734
2.700	0.739
2.700	0.661
2.700	0.667
2.700	0.732
2.700	0.740
2.700	0.735
2.700	0.652
2.700	0.670
2.700	0.666
