-0.97 -0.25 0.00
-0.99 -0.12 0.00
0.46 0.89 0.00
0.87 -0.50 0.00
-0.86 -0.50 0.01
-0.69 -0.72 0.00
0.59 -0.81 0.00
0.29 -0.96 0.00
-0.47 0.88 0.00
-0.92 0.38 0.00
0.89 0.46 0.00
-0.84 0.54 0.00
-0.15 -0.99 0.01
-0.93 0.37 0.00
-0.45 -0.90 0.02
-0.67 0.75 0.03
-0.27 -0.96 0.00
0.69 -0.72 0.00
-0.91 -0.41 0.01
0.96 0.26 0.00
-0.28 -0.96 0.00
0.80 0.60 0.00
0.60 -0.80 0.00
-0.89 0.46 0.00
-0.17 -0.99 0.00
-0.36 0.93 0.00
-0.87 -0.49 0.00
0.23 0.97 0.00
-0.60 0.80 0.00
0.04 1.00 0.00
-0.96 0.28 0.00
-0.29 -0.96 0.00
-0.98 0.18 0.00
0.42 0.91 0.00
0.15 -0.99 0.00
-0.66 -0.75 0.01
0.49 0.87 0.00
0.91 0.41 0.00
0.04 -1.00 0.03
0.17 -0.99 0.00
-0.16 0.99 0.00
-0.25 0.97 0.00
-0.62 0.79 0.00
-0.00 -0.01 1.00
0.12 0.99 0.00
-0.08 1.00 0.01
-0.99 0.16 0.00
0.66 -0.75 0.00
-0.36 0.93 0.01
1.00 0.07 0.00
0.33 -0.94 0.00
0.22 -0.98 0.00
0.30 0.96 0.00
-0.72 0.69 0.01
-0.36 0.93 0.00
-1.00 0.03 0.00
0.47 0.88 0.01
0.28 -0.96 0.00
-0.81 0.58 0.00
0.06 1.00 0.00
-0.80 -0.60 0.00
0.51 0.86 0.00
0.83 -0.55 0.01
0.23 -0.97 0.01
0.00 -0.00 1.00
0.83 -0.56 0.00
-0.46 -0.89 0.00
-0.93 -0.37 0.00
0.41 -0.91 0.00
-0.20 -0.98 0.00
-0.76 -0.65 0.01
-0.78 0.62 0.03
-0.96 0.27 0.00
-0.98 0.19 0.00
0.23 0.97 0.00
0.59 -0.81 0.01
0.44 -0.90 0.00
0.00 -0.01 1.00
0.41 0.91 0.00
0.94 0.34 0.00
0.11 -0.99 0.00
0.30 0.95 0.00
0.35 0.94 0.01
0.92 0.39 0.00
0.81 -0.59 0.00
-0.01 0.00 1.00
-0.27 0.96 0.00
0.93 -0.36 0.00
-0.67 0.74 0.00
0.60 -0.80 0.01
