0.86 0.51 0.00
0.78 -0.62 0.00
-0.97 0.25 0.01
0.17 0.99 0.00
-1.00 -0.07 0.01
0.87 -0.49 0.00
0.50 -0.87 0.01
0.69 0.72 0.00
-0.99 -0.14 0.00
-0.47 0.88 0.01
-0.93 -0.38 0.01
-0.79 -0.61 0.00
0.64 0.77 0.00
-0.98 -0.21 0.00
-0.70 0.72 0.00
-0.48 0.88 0.00
-0.58 0.81 0.00
0.59 0.80 0.00
-0.65 0.76 0.00
-0.88 0.48 0.00
-0.80 -0.60 0.00
0.86 0.51 0.00
-0.16 0.99 0.00
0.79 -0.62 0.00
-0.55 -0.83 0.00
0.92 0.38 0.00
-0.12 0.99 0.01
-0.06 1.00 0.01
0.19 0.98 0.00
-0.74 -0.68 0.01
-1.00 -0.05 0.00
-0.36 -0.93 0.00
0.61 -0.79 0.00
0.26 0.97 0.01
0.04 -1.00 0.00
0.29 -0.96 0.00
0.27 0.96 0.00
0.53 0.85 0.00
-0.95 0.31 0.00
-0.00 -0.00 1.00
0.57 -0.82 0.01
-0.84 0.54 0.01
-0.01 -0.00 1.00
-0.66 0.75 0.00
0.18 -0.98 0.01
-0.95 -0.31 0.01
0.53 -0.85 0.00
0.55 -0.84 0.00
-0.62 0.79 0.00
-0.32 0.95 0.00
0.17 -0.99 0.00
-1.00 -0.10 0.00
0.56 0.83 0.00
-1.00 0.06 0.00
-0.65 -0.76 0.00
0.02 1.00 0.00
0.11 0.99 0.00
-0.99 -0.15 0.01
-0.96 0.28 0.00
0.47 -0.88 0.00
-0.96 0.28 0.00
0.47 0.88 0.00
-0.86 0.51 0.00
-0.05 -1.00 0.00
-0.47 0.88 0.00
-0.81 0.59 0.01
-0.86 -0.50 0.00
0.71 0.71 0.00
-0.89 -0.45 0.00
-1.00 0.09 0.00
0.53 -0.85 0.00
-0.81 -0.59 0.02
-0.17 -0.99 0.00
0.19 0.98 0.00
0.02 -1.00 0.00
0.12 -0.99 0.00
0.35 0.94 0.00
0.79 -0.61 0.00
-0.84 0.55 0.00
0.78 0.62 0.00
0.67 -0.75 0.00
0.81 -0.59 0.00
-0.83 -0.55 0.01
0.14 -0.99 0.00
0.57 0.82 0.01
-0.10 0.99 0.00
0.40 -0.92 0.00
0.08 1.00 0.00
0.31 0.95 0.00
-0.76 -0.65 0.01
