-0.29 -0.96 0.00
-0.34 0.94 0.02
1.00 0.08 0.00
-0.62 -0.79 0.00
-0.03 1.00 0.00
-0.88 0.47 0.00
-0.97 0.23 0.00
-0.80 -0.60 0.00
0.12 -0.99 0.00
-0.29 0.96 0.00
-0.60 0.80 0.00
-0.98 -0.19 0.00
0.12 0.99 0.00
-0.75 -0.66 0.00
-0.53 -0.85 0.00
0.80 -0.60 0.00
-0.44 -0.90 0.00
-0.34 0.94 0.00
-0.58 0.82 0.00
0.28 -0.96 0.00
0.20 0.98 0.00
-1.00 -0.10 0.00
-0.47 0.88 0.00
0.74 -0.67 0.00
-1.00 -0.09 0.00
-0.60 -0.80 0.00
-0.77 -0.64 0.00
0.07 1.00 0.00
0.61 -0.80 0.00
-0.77 -0.64 0.00
0.94 -0.35 0.00
-0.64 0.77 0.00
0.35 -0.94 0.00
0.47 0.88 0.00
0.77 -0.64 0.00
-0.99 -0.11 0.00
0.48 0.88 0.00
0.85 -0.53 0.00
-0.83 -0.56 0.00
0.94 0.34 0.00
-0.98 -0.17 0.00
0.10 -1.00 0.00
0.15 -0.99 0.00
-0.37 0.93 0.00
-0.48 0.88 0.00
-0.43 0.90 0.00
-0.89 -0.46 0.00
0.61 -0.79 0.00
-1.00 0.03 0.00
-0.32 -0.95 0.00
-1.00 -0.10 0.00
0.78 -0.62 0.00
-0.33 -0.94 0.00
0.14 0.99 0.00
-0.88 -0.47 0.00
-0.06 1.00 0.00
-0.56 -0.83 0.00
0.52 0.85 0.00
0.24 -0.97 0.00
-0.76 -0.65 0.00
-0.35 0.94 0.01
-0.91 -0.41 0.00
-0.49 0.87 0.00
0.76 -0.65 0.00
-0.86 0.51 0.00
0.18 -0.98 0.00
-0.45 0.89 0.01
-0.75 -0.66 0.00
0.93 -0.38 0.00
0.57 0.82 0.00
-0.69 -0.72 0.00
-1.00 -0.07 0.01
-0.09 -1.00 0.00
-0.13 -0.99 0.00
-0.10 0.99 0.01
0.74 -0.67 0.01
-0.15 0.99 0.00
0.98 -0.21 0.01
-0.89 -0.46 0.01
-0.92 0.38 0.00
-0.63 0.78 0.00
-0.37 0.93 0.01
-1.00 0.08 0.00
-0.68 0.74 0.00
-0.50 0.86 0.00
0.39 0.92 0.00
-0.26 0.97 0.00
-0.97 0.25 0.00
-0.43 0.90 0.01
0.89 -0.46 0.00
