0.13 0.99 0.00
0.00 -1.00 0.03
0.48 0.87 0.01
0.27 -0.96 0.00
-1.00 -0.00 0.00
-0.84 -0.54 0.00
-0.53 0.85 0.00
-0.90 -0.44 0.00
-0.23 -0.97 0.00
-0.91 0.41 0.00
-1.00 0.02 0.00
-0.18 0.98 0.02
0.52 -0.85 0.01
0.10 1.00 0.00
-0.59 -0.81 0.00
-0.56 0.83 0.00
-0.35 0.94 0.00
-0.88 -0.47 0.00
-0.05 1.00 0.00
-0.10 0.99 0.00
0.43 0.90 0.00
-0.88 -0.47 0.00
-0.99 -0.13 0.00
0.34 0.94 0.00
-0.95 0.30 0.01
-0.84 -0.54 0.00
0.02 -1.00 0.00
0.49 0.87 0.00
0.68 -0.73 0.00
0.00 -1.00 0.00
-0.89 -0.46 0.00
-0.68 0.73 0.00
0.10 -0.99 0.00
0.41 -0.91 0.00
0.30 0.95 0.00
-1.00 -0.02 0.00
0.13 -0.99 0.00
0.23 -0.97 0.00
-0.86 -0.50 0.00
0.99 0.17 0.00
0.07 -1.00 0.00
0.54 0.84 0.00
0.44 -0.90 0.00
-0.99 -0.12 0.01
0.98 0.17 0.00
-0.58 0.81 0.00
0.00 -0.01 1.00
0.16 -0.99 0.00
-0.01 0.01 1.00
-0.44 0.90 0.00
-0.82 -0.57 0.00
0.15 -0.99 0.00
0.78 -0.63 0.00
0.10 -1.00 0.00
0.35 0.94 0.00
-0.61 0.80 0.01
-0.98 -0.21 0.00
-0.09 -1.00 0.02
-0.59 -0.81 0.00
-0.10 1.00 0.00
-0.12 -0.99 0.00
0.82 -0.57 0.00
-0.80 -0.60 0.01
0.22 -0.98 0.00
-0.96 -0.28 0.00
-0.00 -0.00 1.00
-0.96 0.28 0.00
0.03 -0.01 1.00
0.00 0.01 1.00
-0.00 -0.01 1.00
-0.62 0.78 0.00
-0.50 0.87 0.01
-0.66 -0.75 0.00
0.28 -0.96 0.00
-0.96 -0.29 0.00
-0.15 -0.99 0.00
-0.07 1.00 0.00
-0.60 -0.80 0.00
-0.64 -0.77 0.00
0.00 -0.00 1.00
0.50 0.86 0.00
-0.53 0.85 0.00
0.69 0.73 0.00
0.97 -0.22 0.00
-0.82 -0.57 0.00
-0.68 -0.73 0.01
0.64 -0.77 0.00
-0.95 -0.33 0.01
-0.06 -1.00 0.00
0.58 -0.81 0.00
