-0.94 0.35 0.00
-0.98 -0.18 0.00
-0.04 -1.00 0.00
-0.22 -0.98 0.00
0.40 -0.92 0.00
-0.64 0.76 0.00
-0.80 0.59 0.01
0.48 -0.88 0.00
-0.43 -0.90 0.00
-0.98 0.18 0.00
-0.31 0.95 0.00
-0.98 -0.17 0.00
-0.54 -0.84 0.00
-0.99 0.10 0.00
0.37 0.93 0.00
-0.20 0.98 0.00
-0.52 -0.86 0.00
0.65 -0.76 0.00
-0.87 -0.49 0.00
0.24 -0.97 0.00
-0.95 0.30 0.00
0.22 -0.98 0.00
0.17 0.99 0.00
0.42 -0.91 0.00
-0.40 -0.91 0.00
-0.60 -0.80 0.00
-0.61 0.79 0.00
0.23 0.97 0.00
-0.99 0.12 0.00
0.08 -1.00 0.00
0.91 -0.41 0.00
-0.89 -0.45 0.00
-0.34 -0.94 0.00
-0.99 0.17 0.00
-0.24 0.97 0.00
1.00 -0.01 0.00
-0.98 -0.22 0.00
0.44 0.90 0.00
0.40 0.91 0.00
-0.50 -0.87 0.00
0.53 -0.85 0.00
0.89 0.46 0.00
0.67 -0.74 0.00
-0.94 0.33 0.00
0.00 1.00 0.00
-0.88 0.48 0.00
-0.88 0.48 0.00
-1.00 0.03 0.00
-0.98 0.22 0.01
-0.56 -0.83 0.00
0.39 0.92 0.00
0.10 -0.99 0.00
0.88 -0.47 0.00
0.74 -0.67 0.00
-0.44 0.90 0.00
-0.98 -0.20 0.00
0.16 0.99 0.00
-1.00 -0.07 0.00
0.89 0.46 0.00
0.33 0.94 0.00
-0.98 0.21 0.00
-0.57 -0.82 0.00
-0.72 -0.69 0.00
-0.11 -0.99 0.00
-0.71 0.71 0.00
0.56 0.83 0.00
-0.37 0.93 0.00
-1.00 -0.01 0.00
0.61 -0.79 0.00
-0.43 0.90 0.00
-0.97 0.26 0.00
-1.00 0.07 0.00
0.33 0.94 0.00
-0.80 0.61 0.00
-0.26 0.97 0.00
-1.00 0.02 0.00
0.72 -0.69 0.00
0.44 -0.90 0.00
-0.54 -0.84 0.00
0.61 -0.79 0.00
0.96 0.27 0.00
-0.48 0.88 0.00
-1.00 -0.10 0.00
-0.30 -0.95 0.00
0.18 -0.98 0.00
0.60 -0.80 0.00
-0.46 0.89 0.00
0.90 0.43 0.01
-0.32 -0.95 0.00
0.01 -1.00 0.00
