0.13 -0.75 0.65
-0.81 -0.59 0.00
-0.35 -0.94 0.00
-0.58 0.49 0.65
0.49 -0.87 0.00
0.06 1.00 0.01
0.93 -0.36 0.00
-0.99 -0.14 0.00
-0.20 -0.98 0.01
-0.77 0.64 0.00
0.15 -0.74 0.65
-0.04 -1.00 0.00
-0.32 0.95 0.00
0.74 0.68 0.00
-0.85 -0.52 0.00
-1.00 0.07 0.01
0.29 0.96 0.00
-0.74 -0.68 0.00
0.67 -0.36 0.65
-0.84 0.55 0.01
0.08 0.76 0.65
0.92 -0.40 0.01
0.06 -1.00 0.00
0.34 0.94 0.01
-0.75 0.12 0.65
0.25 -0.97 0.00
0.07 -1.00 0.00
-0.59 0.81 0.00
-0.35 -0.94 0.01
-0.08 1.00 0.01
-0.58 -0.82 0.00
-0.94 0.34 0.01
-0.99 0.14 0.00
-0.92 0.40 0.01
-0.49 0.58 0.65
0.13 0.99 0.00
-1.00 0.10 0.00
-1.00 -0.03 0.00
-0.95 0.30 0.00
-0.72 -0.70 0.00
0.92 -0.40 0.00
-0.99 -0.17 0.00
-0.49 -0.87 0.00
-0.02 1.00 0.01
-0.79 -0.62 0.00
-0.79 -0.61 0.00
-0.67 0.74 0.01
-0.08 -1.00 0.00
0.99 0.13 0.00
0.87 0.50 0.01
-0.83 -0.56 0.00
-0.46 -0.60 0.65
0.21 -0.98 0.00
-0.83 -0.55 0.00
0.27 0.96 0.00
-0.69 -0.72 0.00
-0.88 -0.47 0.01
-0.62 -0.78 0.00
-0.76 0.65 0.00
-0.14 0.74 0.65
0.31 0.95 0.00
-0.76 -0.04 0.65
0.52 0.85 0.00
0.62 -0.78 0.00
0.18 0.98 0.00
0.44 0.62 0.65
-0.65 0.40 0.65
0.44 0.90 0.01
0.66 0.75 0.00
-0.66 0.75 0.01
0.22 -0.98 0.00
-0.29 -0.70 0.65
-0.51 -0.86 0.01
0.31 -0.69 0.65
-0.74 -0.15 0.65
-0.18 -0.98 0.00
-0.18 -0.98 0.01
0.68 0.73 0.00
0.42 0.91 0.00
-0.67 -0.35 0.65
-0.62 -0.78 0.00
-0.85 0.52 0.00
-0.47 0.88 0.00
-0.37 -0.93 0.00
-0.70 -0.72 0.00
0.84 0.55 0.00
0.59 0.80 0.00
0.80 0.59 0.01
-0.07 -0.75 0.65
0.10 0.75 0.65
