-1.00 -0.01 0.01
0.18 0.98 0.00
-0.14 0.99 0.00
0.17 0.99 0.00
-0.24 -0.97 0.00
0.64 0.77 0.00
-0.45 -0.89 0.00
-0.95 -0.31 0.00
-0.98 0.19 0.00
-0.06 -1.00 0.00
-0.17 0.99 0.00
-0.86 0.50 0.01
-1.00 -0.06 0.01
-0.13 -0.99 0.00
0.01 -0.00 1.00
-0.97 -0.26 0.00
0.77 -0.64 0.00
0.22 0.98 0.00
-0.17 0.99 0.00
-0.16 -0.99 0.00
0.01 -0.00 1.00
-0.18 0.98 0.00
0.95 -0.32 0.00
0.72 -0.69 0.00
-0.89 0.46 0.00
0.13 0.99 0.01
0.74 -0.67 0.00
-0.89 -0.46 0.00
0.29 0.96 0.00
0.52 -0.86 0.00
0.82 0.57 0.01
0.40 0.92 0.00
-0.75 0.66 0.00
0.77 -0.63 0.00
-0.78 0.63 0.00
0.96 -0.29 0.00
-0.78 0.62 0.00
0.01 -0.00 1.00
0.95 -0.32 0.00
-0.97 0.24 0.00
-0.99 0.15 0.00
0.50 0.87 0.00
-0.52 0.86 0.00
-0.01 1.00 0.01
-0.38 -0.92 0.01
0.50 -0.87 0.01
0.25 0.97 0.01
-0.74 0.67 0.00
0.98 -0.20 0.01
-1.00 0.07 0.00
0.35 -0.94 0.01
-0.77 0.64 0.02
-0.82 -0.57 0.00
-0.94 -0.33 0.00
0.96 0.28 0.00
-0.98 0.21 0.00
0.48 0.88 0.00
-0.27 0.96 0.01
-0.97 0.24 0.00
0.07 1.00 0.01
-0.94 0.34 0.00
0.99 0.15 0.00
-0.28 -0.96 0.00
0.89 -0.45 0.00
-0.91 0.41 0.00
-0.91 0.42 0.00
-0.29 -0.96 0.00
-1.00 0.10 0.00
0.16 0.99 0.00
-0.59 -0.81 0.00
-0.36 0.93 0.00
-0.07 1.00 0.00
-0.99 0.12 0.00
-0.99 -0.11 0.02
-0.95 0.32 0.01
-0.24 0.97 0.00
-0.92 -0.38 0.00
0.89 0.46 0.00
0.25 0.97 0.01
-0.39 0.92 0.00
-0.25 0.97 0.01
0.09 -1.00 0.00
0.05 -1.00 0.00
-0.54 0.84 0.00
0.78 0.63 0.00
-0.05 -1.00 0.00
0.98 -0.18 0.00
0.10 -1.00 0.00
-0.60 0.80 0.00
-0.99 -0.14 0.00
