0.30 0.61 0.73
0.91 0.42 0.02
0.51 0.86 0.02
0.89 0.46 0.05
-0.98 -0.17 0.05
0.91 0.42 0.03
-0.75 -0.66 0.06
-0.05 1.00 0.03
-0.79 0.61 0.01
0.44 0.90 0.01
0.21 -0.98 0.02
0.78 0.62 0.04
-0.67 0.74 0.03
-0.79 0.61 0.03
-0.92 -0.39 0.04
-0.65 0.76 0.06
-0.70 -0.71 0.04
0.97 -0.25 0.02
-0.62 -0.78 0.04
-0.09 -1.00 0.01
-0.55 -0.83 0.05
-0.98 0.17 0.03
-0.98 0.19 0.03
0.58 -0.81 0.01
0.81 -0.59 0.01
0.31 -0.62 0.72
0.61 -0.79 0.05
-0.67 -0.74 0.01
0.91 -0.42 0.03
0.52 0.86 0.04
-0.89 0.45 0.02
-0.86 -0.51 0.00
0.59 0.81 0.03
0.04 1.00 0.03
-0.95 -0.30 0.01
0.94 -0.34 0.03
-0.44 -0.90 0.00
-0.93 -0.38 0.02
0.91 0.42 0.01
-0.36 0.93 0.00
-1.00 -0.08 0.03
-0.90 0.44 0.03
-0.72 0.15 0.67
0.17 -0.99 0.02
-0.36 -0.32 0.88
-0.53 0.85 0.01
-0.44 0.17 0.88
0.25 -0.97 0.03
0.91 0.42 0.02
-0.63 -0.77 0.05
0.26 -0.97 0.03
0.92 -0.40 0.02
-0.98 0.20 0.06
0.50 -0.87 0.02
-1.00 -0.06 0.02
-0.59 -0.81 0.02
-0.93 -0.38 0.01
0.83 0.55 0.04
0.64 -0.77 0.02
-0.92 0.38 0.04
-0.19 0.98 0.03
0.52 0.85 0.10
0.15 -0.99 0.01
0.73 -0.68 0.02
0.90 0.43 0.02
-0.98 0.20 0.00
0.13 -0.99 0.04
0.98 0.20 0.02
0.60 0.16 0.78
-0.56 0.83 0.01
-0.67 -0.74 0.06
0.78 -0.62 0.01
-0.09 0.99 0.05
-0.49 -0.87 0.01
-0.43 -0.90 0.02
-0.22 -0.98 0.02
-0.24 0.97 0.02
0.36 -0.21 0.91
0.90 -0.43 0.01
-0.74 -0.67 0.03
-0.98 0.18 0.04
-0.99 0.13 0.02
-1.00 0.04 0.01
-0.12 0.99 0.09
0.21 -0.98 0.01
0.70 -0.71 0.04
-0.04 -1.00 0.02
-0.97 0.26 0.03
-0.68 0.74 0.02
-0.93 0.37 0.02
