0.62 0.77 0.12
0.17 -0.98 0.07
-0.91 -0.42 0.04
-0.63 -0.77 0.05
0.15 -0.26 0.96
-0.39 0.91 0.13
-0.78 -0.62 0.07
0.07 -0.81 0.58
0.05 -1.00 0.08
-0.99 -0.17 0.00
-0.40 0.91 0.07
-0.86 0.50 0.07
0.59 -0.80 0.10
-0.23 -0.93 0.29
0.93 -0.34 0.12
0.30 -0.15 0.94
-0.73 0.69 0.03
-0.56 0.82 0.03
0.73 -0.69 0.05
0.53 -0.84 0.13
-0.99 -0.12 0.11
0.11 -0.99 0.01
-0.99 0.11 0.05
-0.40 0.91 0.08
-0.90 -0.42 0.12
-1.00 -0.01 0.02
-0.38 -0.92 0.11
-0.22 0.97 0.08
-0.87 -0.49 0.01
0.51 0.86 0.08
-0.07 -1.00 0.06
-0.12 -0.02 0.99
0.10 -0.99 0.04
-0.82 -0.57 0.05
-0.99 0.10 0.04
-0.90 0.44 0.09
0.58 -0.81 0.05
-1.00 -0.02 0.04
0.46 0.88 0.06
0.49 0.87 0.08
0.87 0.48 0.09
-0.99 -0.02 0.14
0.88 0.48 0.07
-0.17 0.99 0.04
-0.88 -0.46 0.11
-0.75 -0.67 0.03
-0.31 0.95 0.05
0.57 0.82 0.02
-0.16 0.98 0.08
0.18 0.98 0.01
0.09 -1.00 0.03
-0.72 -0.69 0.09
-0.39 0.92 0.06
0.14 -0.99 0.07
-0.37 0.86 0.36
-0.90 -0.42 0.09
-0.25 -0.97 0.04
0.10 -0.98 0.19
0.80 -0.60 0.03
-0.90 -0.42 0.06
0.18 0.98 0.10
-0.50 -0.86 0.14
-0.04 1.00 0.09
-0.21 0.28 0.94
-0.54 -0.83 0.10
0.18 0.94 0.27
-0.16 0.19 0.97
-0.70 -0.72 0.06
0.71 0.69 0.13
-0.68 -0.73 0.01
-0.78 0.62 0.01
-1.00 -0.08 0.04
-0.88 0.46 0.08
-0.77 -0.63 0.08
0.96 0.26 0.01
-0.78 0.62 0.09
0.48 -0.87 0.04
0.96 0.27 0.01
0.32 0.94 0.09
0.22 -0.98 0.01
0.98 -0.17 0.09
-0.68 0.73 0.04
0.87 0.48 0.11
0.74 0.68 0.02
0.07 1.00 0.06
-0.46 -0.88 0.05
0.01 0.98 0.19
-0.36 0.91 0.20
0.17 -0.98 0.10
0.16 -0.99 0.02
