-0.98 -0.14 0.12
0.61 0.78 0.13
0.44 0.89 0.06
-0.96 -0.26 0.14
-0.94 0.34 0.05
-0.86 0.50 0.08
-0.81 -0.58 0.02
-0.93 -0.33 0.19
0.15 -0.98 0.11
-0.68 0.73 0.06
0.08 1.00 0.03
-0.05 0.45 0.89
0.35 -0.54 0.76
-0.99 0.04 0.11
-0.99 0.11 0.00
0.61 0.79 0.07
0.53 -0.65 0.55
-0.24 -0.97 0.06
-0.44 -0.63 0.64
0.32 -0.95 0.02
-0.93 -0.37 0.05
0.48 0.84 0.23
-0.98 0.18 0.01
-0.11 0.98 0.19
-0.02 1.00 0.05
-0.99 0.14 0.07
-0.58 0.49 0.66
-0.49 0.82 0.32
-0.36 -0.93 0.04
0.07 -0.59 0.80
-0.58 0.54 0.61
0.98 -0.18 0.12
-0.92 0.38 0.06
0.75 -0.64 0.15
-0.68 0.72 0.09
0.57 -0.82 0.06
-0.02 0.66 0.76
-0.60 -0.80 0.06
-0.42 -0.91 0.08
-0.16 0.98 0.11
-0.14 -0.99 0.08
0.17 0.75 0.64
-0.70 0.68 0.22
0.90 0.44 0.03
0.32 -0.94 0.08
-0.85 -0.53 0.02
-0.00 1.00 0.02
0.03 -0.09 1.00
-0.11 -0.61 0.78
0.81 -0.58 0.01
-0.97 0.26 0.00
-0.96 -0.27 0.04
-0.46 0.88 0.11
0.12 0.76 0.64
0.10 -0.30 0.95
0.96 0.27 0.02
-0.64 -0.77 0.06
-0.14 0.99 0.10
-0.72 0.68 0.13
-0.96 0.27 0.08
1.00 0.03 0.08
0.44 0.89 0.05
-0.57 -0.81 0.11
0.52 -0.85 0.06
0.32 0.94 0.08
0.86 0.50 0.07
0.09 0.98 0.15
0.62 -0.74 0.25
-0.48 -0.87 0.10
0.06 -1.00 0.05
0.63 0.77 0.09
0.91 -0.39 0.13
-0.99 -0.17 0.00
-0.74 0.67 0.08
-0.93 0.36 0.08
0.68 -0.73 0.06
-0.88 0.47 0.02
0.77 -0.62 0.11
0.34 0.94 0.06
-0.33 0.94 0.03
0.77 0.64 0.03
-0.56 -0.83 0.04
-0.35 0.94 0.02
0.67 -0.74 0.05
0.83 -0.52 0.21
0.62 -0.78 0.02
0.71 -0.69 0.11
-0.40 0.92 0.04
-0.87 0.49 0.08
0.15 0.77 0.62
