-0.09 1.00 0.02
-0.33 -0.94 0.05
-0.07 -1.00 0.01
-1.00 0.00 0.06
-0.39 -0.92 0.08
-0.61 -0.79 0.04
-0.92 -0.37 0.14
-0.81 0.59 0.06
-0.54 -0.84 0.01
0.38 0.93 0.01
0.76 -0.64 0.04
0.32 0.59 0.74
0.07 -0.99 0.08
0.36 -0.19 0.91
-0.72 0.70 0.06
-0.22 0.97 0.02
-0.65 -0.76 0.03
1.00 -0.09 0.03
-0.27 -0.10 0.96
0.58 -0.82 0.02
0.89 0.46 0.03
0.16 -0.99 0.04
-0.00 -1.00 0.04
-0.11 0.74 0.67
-0.85 0.53 0.04
-0.29 0.96 0.03
0.08 -1.00 0.02
0.44 -0.89 0.10
0.75 0.66 0.08
-0.87 -0.50 0.07
0.87 0.50 0.02
-0.23 -0.97 0.06
-0.04 1.00 0.04
-0.60 -0.80 0.02
-1.00 0.09 0.01
-0.61 -0.79 0.06
-0.98 -0.19 0.04
-0.14 0.99 0.03
0.61 0.79 0.08
-0.28 -0.96 0.07
-1.00 0.04 0.04
0.92 -0.39 0.02
0.62 0.79 0.01
0.30 -0.94 0.14
-0.29 -0.96 0.03
-0.98 0.20 0.06
-0.02 -1.00 0.04
-0.62 -0.78 0.03
-0.56 0.83 0.05
0.26 -0.97 0.01
0.29 0.96 0.05
0.72 -0.69 0.05
-0.27 -0.96 0.05
-0.37 0.93 0.01
-1.00 0.03 0.01
0.93 0.35 0.06
0.25 -0.97 0.05
-1.00 -0.04 0.02
-0.28 0.94 0.17
0.25 0.97 0.02
-0.63 0.78 0.02
0.83 0.56 0.00
0.93 0.38 0.00
-0.17 -0.98 0.13
0.54 -0.84 0.00
0.88 0.48 0.02
-0.69 0.72 0.03
-0.79 0.61 0.04
-0.96 0.04 0.28
0.55 0.83 0.07
-0.54 -0.84 0.07
0.29 0.96 0.03
-0.97 -0.24 0.04
0.10 -0.99 0.03
0.82 -0.57 0.04
-0.41 0.91 0.05
0.21 0.98 0.04
0.43 0.90 0.03
0.82 0.58 0.05
-0.59 -0.80 0.09
0.04 -1.00 0.05
-0.76 0.65 0.02
-0.46 -0.89 0.04
0.77 -0.63 0.05
-0.29 -0.18 0.94
0.94 -0.33 0.06
0.21 0.98 0.01
-0.77 -0.63 0.01
-0.55 0.83 0.08
-0.07 -1.00 0.06
