0.25 0.97 0.02
-0.94 -0.35 0.06
-0.10 -0.99 0.06
-0.85 -0.52 0.07
0.92 -0.37 0.15
0.73 0.68 0.03
-0.19 -0.98 0.04
-0.06 -0.99 0.14
0.38 0.92 0.10
-0.84 0.54 0.07
-0.90 -0.44 0.05
-0.45 0.89 0.00
0.99 -0.08 0.06
0.98 0.22 0.03
0.79 0.61 0.09
-0.11 0.99 0.08
-0.59 0.80 0.09
0.99 0.15 0.06
0.97 0.23 0.04
0.35 -0.93 0.06
0.86 0.51 0.03
-0.98 0.17 0.04
-0.66 0.75 0.03
-0.99 -0.14 0.04
-1.00 -0.03 0.02
0.93 -0.35 0.08
-0.49 -0.12 0.86
-0.52 -0.08 0.85
0.68 0.73 0.07
-0.46 0.88 0.08
0.65 0.76 0.02
-0.88 0.45 0.14
-0.89 -0.44 0.11
-0.52 0.84 0.13
-0.56 0.83 0.03
0.36 0.93 0.05
-0.99 0.11 0.12
-0.30 -0.93 0.19
-0.33 0.94 0.04
0.86 -0.49 0.12
0.50 0.87 0.05
-0.56 0.83 0.10
-0.11 0.99 0.05
0.86 -0.50 0.07
0.98 0.18 0.07
-0.42 -0.90 0.10
-0.93 -0.37 0.02
0.19 -0.98 0.04
-0.40 -0.92 0.03
-0.12 0.99 0.07
-0.52 0.85 0.06
-0.95 0.31 0.04
0.90 -0.39 0.19
0.99 -0.12 0.01
0.48 -0.87 0.06
0.85 0.53 0.01
0.38 0.92 0.08
0.64 -0.76 0.11
-1.00 -0.02 0.09
-0.08 -0.99 0.07
0.36 0.93 0.05
-0.85 -0.52 0.09
-0.67 0.74 0.05
0.43 0.90 0.09
0.69 0.72 0.04
-0.05 -0.99 0.11
-0.98 0.17 0.07
-0.69 -0.73 0.03
0.95 -0.32 0.06
-0.32 0.07 0.94
0.50 0.86 0.05
0.40 -0.91 0.06
0.77 0.63 0.05
0.84 -0.54 0.05
0.76 0.65 0.02
-0.25 0.96 0.11
-0.95 0.28 0.13
-0.45 -0.89 0.10
0.65 -0.76 0.02
0.87 -0.50 0.06
0.07 0.07 1.00
0.21 0.98 0.05
0.47 0.76 0.45
0.64 -0.77 0.03
0.79 -0.61 0.07
0.10 0.12 0.99
-0.62 -0.38 0.68
0.43 0.90 0.03
-0.94 -0.33 0.04
-0.55 0.83 0.02
