0.96 0.26 0.07
0.81 0.59 0.04
-0.38 -0.92 0.11
-0.96 -0.27 0.03
0.71 0.70 0.04
0.86 0.49 0.12
-0.98 -0.19 0.05
-0.58 0.70 0.40
-0.95 -0.31 0.08
-0.24 0.97 0.03
-0.96 -0.28 0.01
0.52 0.85 0.01
0.33 0.94 0.02
-0.99 0.16 0.01
0.75 -0.65 0.11
-0.04 1.00 0.01
-0.29 0.96 0.02
0.29 -0.96 0.06
-0.65 -0.75 0.08
0.50 0.85 0.15
-0.86 -0.51 0.00
0.08 -0.99 0.13
0.06 -0.99 0.12
0.53 0.84 0.10
0.63 0.77 0.11
-0.10 -0.99 0.09
0.23 0.97 0.06
-0.89 -0.44 0.11
0.21 0.07 0.98
-0.85 0.52 0.02
0.79 0.61 0.01
0.36 0.93 0.06
-0.99 0.04 0.11
0.54 -0.84 0.07
-0.92 -0.37 0.09
-0.52 0.85 0.04
0.46 -0.89 0.05
-0.21 -0.97 0.13
-0.94 0.32 0.09
0.38 -0.92 0.03
0.46 -0.89 0.07
0.04 0.70 0.72
-0.51 -0.84 0.15
-0.76 -0.65 0.05
-0.94 0.33 0.12
-0.16 -0.99 0.04
-0.94 0.33 0.10
0.98 -0.22 0.04
0.49 0.87 0.04
-0.15 -0.18 0.97
-0.48 -0.04 0.87
-0.77 -0.63 0.04
0.76 0.65 0.00
0.05 1.00 0.05
-0.99 0.06 0.13
0.13 -0.99 0.01
0.06 0.27 0.96
0.98 0.19 0.04
0.63 -0.77 0.08
0.25 -0.97 0.01
0.94 0.32 0.10
0.12 0.99 0.04
-0.84 0.54 0.07
0.93 0.36 0.07
-0.97 0.08 0.23
0.62 0.79 0.05
0.66 -0.75 0.08
-1.00 0.07 0.02
0.68 0.72 0.09
0.61 0.80 0.02
0.21 0.97 0.12
-0.93 -0.33 0.16
0.46 -0.88 0.11
-0.78 -0.63 0.04
0.49 0.87 0.03
-0.93 -0.35 0.07
0.84 -0.55 0.00
-0.09 0.16 0.98
0.62 -0.78 0.05
0.82 0.56 0.08
0.50 0.86 0.12
-0.19 0.98 0.05
-0.43 -0.90 0.08
0.03 -1.00 0.03
-1.00 -0.03 0.08
-0.76 -0.64 0.03
-0.24 0.54 0.81
-0.00 -1.00 0.03
0.99 -0.06 0.09
0.18 -0.98 0.06
