-0.59 0.81 0.06
0.04 -1.00 0.02
0.29 -0.96 0.02
0.84 -0.55 0.01
1.00 0.03 0.09
-0.36 -0.92 0.12
0.59 0.80 0.07
-0.84 -0.54 0.06
-0.51 0.86 0.01
0.02 1.00 0.03
-0.98 -0.18 0.04
0.55 0.84 0.05
-0.24 -0.97 0.04
-0.99 -0.12 0.03
-0.12 0.99 0.02
-0.22 -0.97 0.03
0.98 -0.17 0.07
0.73 -0.69 0.02
-0.94 0.34 0.04
0.85 0.52 0.06
-0.59 -0.81 0.05
0.35 0.93 0.06
-0.81 -0.58 0.07
-0.22 -0.65 0.73
0.65 -0.76 0.07
0.57 -0.81 0.11
-0.94 -0.32 0.07
-0.02 1.00 0.03
-0.73 0.69 0.02
-0.14 0.99 0.01
0.18 0.98 0.01
0.95 -0.31 0.04
0.76 0.65 0.05
-0.21 0.18 0.96
0.82 0.57 0.02
-0.10 -0.76 0.64
0.93 -0.36 0.02
0.17 -0.99 0.01
0.50 -0.86 0.10
0.31 0.95 0.05
0.89 -0.45 0.04
-0.93 0.36 0.02
-0.71 -0.71 0.06
0.99 0.11 0.07
-0.24 -0.97 0.00
-0.95 -0.32 0.04
0.84 -0.54 0.01
-0.99 0.16 0.04
-0.96 0.27 0.02
-0.82 -0.57 0.09
0.68 0.73 0.04
0.28 0.96 0.03
-0.65 -0.76 0.07
0.93 -0.31 0.19
-0.03 1.00 0.06
0.98 -0.19 0.03
-0.60 0.80 0.07
0.72 -0.69 0.02
-0.90 -0.43 0.04
0.92 0.38 0.00
-1.00 -0.05 0.03
-0.48 0.04 0.88
0.39 -0.45 0.80
-0.52 -0.85 0.01
-0.70 0.71 0.03
-0.19 0.22 0.96
-0.98 0.21 0.01
0.52 -0.85 0.07
0.98 0.18 0.08
-0.55 0.84 0.02
0.31 -0.93 0.19
-0.37 -0.89 0.28
0.02 0.99 0.16
-0.34 0.94 0.06
0.45 0.89 0.10
0.03 -0.49 0.87
0.32 -0.95 0.02
-0.62 -0.79 0.03
-0.36 0.93 0.02
0.67 -0.48 0.56
0.86 0.51 0.05
0.48 -0.87 0.07
-0.96 -0.28 0.09
0.80 0.60 0.00
-0.73 -0.66 0.14
-0.76 0.64 0.15
-0.54 0.66 0.52
-0.97 0.22 0.03
0.18 -0.98 0.08
0.92 0.38 0.08
