0.11 0.99 0.02
0.87 0.49 0.02
0.56 -0.83 0.07
0.15 0.99 0.07
-0.25 0.97 0.05
0.39 -0.92 0.02
0.45 -0.17 0.88
-0.97 0.23 0.04
0.51 0.86 0.00
0.85 0.53 0.01
-0.62 0.78 0.07
-0.98 0.15 0.11
-0.92 -0.39 0.04
-0.41 -0.91 0.07
-0.94 0.35 0.03
-0.45 -0.89 0.08
-0.97 0.25 0.05
-0.82 -0.57 0.05
-0.99 -0.13 0.00
-0.77 -0.62 0.11
0.10 0.99 0.05
-0.95 0.31 0.09
0.19 -0.98 0.08
0.39 -0.92 0.07
-0.59 -0.81 0.04
-0.88 -0.48 0.01
-0.05 0.24 0.97
-0.92 -0.38 0.05
-0.93 0.36 0.05
0.21 -0.98 0.06
-0.72 0.69 0.08
0.43 -0.90 0.07
-0.89 -0.44 0.07
-0.20 0.98 0.03
-0.68 -0.73 0.03
-0.98 -0.18 0.07
-0.19 -0.98 0.05
-1.00 -0.09 0.04
0.29 0.96 0.04
-0.71 0.69 0.12
0.97 0.21 0.09
-0.25 0.97 0.05
0.64 -0.77 0.06
-0.72 0.70 0.04
0.64 -0.77 0.06
-0.24 0.97 0.08
-0.99 -0.11 0.10
-0.74 0.68 0.02
-0.01 -1.00 0.10
0.69 -0.34 0.63
0.62 0.78 0.04
0.97 -0.24 0.02
-0.46 0.88 0.07
0.16 0.99 0.04
0.92 -0.39 0.05
-0.83 0.54 0.08
0.15 -0.99 0.02
-0.43 -0.90 0.05
-0.17 0.98 0.05
0.00 -1.00 0.05
-0.10 -0.72 0.69
-0.36 -0.46 0.81
0.85 -0.53 0.10
-0.80 -0.59 0.08
0.82 -0.57 0.02
0.90 0.45 0.01
-0.82 -0.58 0.05
0.48 0.88 0.05
0.26 -0.96 0.10
0.98 -0.20 0.01
0.98 0.19 0.09
0.66 -0.74 0.09
-0.43 0.90 0.05
-0.68 0.73 0.09
0.68 -0.73 0.07
0.15 0.31 0.94
0.17 0.23 0.96
0.40 0.92 0.02
0.52 -0.82 0.23
0.32 -0.95 0.07
-0.76 -0.65 0.03
-0.19 0.98 0.09
0.08 -0.99 0.07
-0.74 -0.67 0.03
0.85 0.52 0.08
-0.05 1.00 0.04
0.51 0.85 0.09
-0.84 0.54 0.10
0.50 -0.87 0.02
-0.94 0.33 0.10
