0.88 -0.20 0.44
0.26 -0.06 0.96
0.14 -0.22 -0.97
-0.10 -0.99 -0.05
0.17 0.83 0.53
-0.19 -0.95 0.26
-0.96 -0.18 0.23
0.01 -0.89 0.45
-0.02 0.73 -0.68
-0.64 -0.69 -0.34
0.51 0.85 0.16
0.00 0.00 1.00
0.77 0.61 -0.16
-0.62 0.03 0.79
0.27 -0.57 0.77
-0.97 0.02 -0.26
0.85 0.19 -0.49
0.04 -0.28 0.96
-0.35 -0.94 0.05
0.02 -0.52 0.85
-0.00 0.46 0.89
0.29 -0.89 -0.36
0.94 -0.06 -0.35
0.58 0.56 0.59
-0.94 0.28 0.18
-0.57 0.74 0.35
0.50 -0.12 0.86
0.64 0.10 0.76
0.78 0.47 0.41
-0.80 0.06 0.59
0.15 0.23 0.96
-0.17 0.98 0.12
-0.27 0.42 0.86
-0.71 0.16 -0.68
0.96 -0.25 0.12
0.05 -0.99 0.16
0.40 0.17 0.90
-0.40 0.73 0.55
-0.74 -0.30 -0.61
0.88 -0.48 -0.01
0.90 0.23 0.36
0.75 -0.65 0.16
-0.11 0.82 0.56
0.84 0.05 0.54
-0.48 0.53 0.70
0.69 -0.71 -0.10
-0.69 0.30 0.66
0.88 0.45 0.17
0.68 -0.61 0.41
-0.46 -0.67 0.58
-0.67 0.54 0.51
-0.20 0.64 0.74
0.80 -0.53 -0.27
0.64 0.66 -0.38
-0.55 0.82 -0.13
-0.00 -0.94 -0.33
-0.47 -0.20 0.86
-0.43 -0.84 0.34
0.52 -0.38 0.76
0.52 0.38 0.77
1.00 -0.04 -0.05
0.27 0.93 0.26
0.49 -0.27 -0.83
-0.26 0.90 -0.34
-0.48 -0.45 0.76
0.34 0.65 0.68
-0.69 -0.22 0.69
0.86 -0.42 0.29
0.46 -0.88 -0.14
-0.91 -0.40 0.09
-0.21 -0.15 0.97
0.49 -0.78 0.39
0.42 0.79 0.45
0.27 -0.77 0.58
0.08 0.67 0.74
0.72 -0.40 0.57
0.29 -0.33 0.90
-0.84 0.31 0.44
-0.50 0.61 -0.62
0.27 0.45 0.85
-0.58 -0.81 0.11
0.32 -0.94 0.09
-0.23 -0.40 0.89
0.73 0.67 0.10
0.98 0.19 0.08
-0.68 -0.46 0.57
-0.23 -0.82 0.53
0.83 0.42 -0.36
-0.36 0.06 0.93
-0.23 -0.63 0.74
