4.300	0.332
4.300	1.547
4.300	13.124
4.300	1.863
4.300	19.974
4.300	13.537
4.300	14.438
4.300	2.112
4.300	2.536
4.300	0.328
4.300	2.215
4.300	13.636
4.300	15.234
4.300	1.328
4.300	13.231
4.300	19.532
4.300	1.867
4.300	1.589
4.300	19.985
4.300	1.753
4.300	2.453
4.300	16.089
4.300	2.365
4.300	15.507
4.300	0.804
4.300	12.181
4.300	14.436
4.300	1.259
4.300	14.782
4.300	0.497
4.300	1.387
4.300	0.490
4.300	19.875
4.300	13.746
4.300	15.307
4.300	12.189
4.300	13.227
4.300	1.096
4.300	14.410
4.300	15.691
4.300	2.073
4.300	1.529
4.300	0.121
4.300	14.454
4.300	0.540
4.300	0.369
4.300	16.456
4.300	1.930
4.300	2.131
4.300	1.192
4.300	1.613
4.300	0.560
4.300	0.938
4.300	2.514
4.300	13.628
4.300	2.144
4.300	12.127
4.300	12.389
4.300	12.425
4.300	13.145
4.300	12.757
4.300	0.752
4.300	14.457
4.300	0.517
4.300	14.581
4.300	1.302
4.300	2.551
4.300	0.441
4.300	19.983
4.300	19.494
4.300	12.538
4.300	0.292
4.300	15.190
4.300	12.598
4.300	16.203
4.300	1.767
4.300	12.873
4.300	2.233
4.300	13.975
4.300	14.291
4.300	16.701
4.300	13.656
4.300	0.701
4.300	1.491
4.300	11.822
4.300	2.238
4.300	0.111
4.300	0.457
4.300	2.052
4.300	13.963
4.300	15.337
4.300	1.286
4.300	17.681
4.300	1.465
4.300	13.885
4.300	12.288
4.300	15.542
4.300	0.107
4.300	1.357
4.300	16.098
1.300	3.367
1.300	2.456
1.300	3.193
1.300	2.404
1.300	3.313
1.300	3.171
1.300	0.100
1.300	0.100
1.300	0.100
1.300	0.100
1.300	2.303
1.300	0.100
1.300	0.100
1.300	0.100
1.300	0.100
1.300	2.721
1.300	2.915
1.300	3.125
1.300	2.154
1.300	0.100
1.300	3.191
1.300	0.100
1.300	2.832
1.300	2.429
1.300	0.100
1.300	3.298
1.300	0.100
1.300	0.101
1.300	0.100
1.300	0.100
1.300	0.101
1.300	2.599
1.300	2.420
1.300	3.083
1.300	0.100
1.300	2.684
1.300	0.100
1.300	2.839
1.300	0.100
1.300	0.100
1.300	0.100
1.300	2.235
1.300	2.449
1.300	2.591
1.300	0.100
1.300	0.100
1.300	2.655
1.300	0.100
1.300	2.766
1.300	2.751
1.300	0.100
1.300	0.100
1.300	3.119
1.300	3.297
1.300	0.100
1.300	0.100
1.300	0.100
1.300	0.100
1.300	0.100
1.300	0.100
1.300	3.031
1.300	2.147
1.300	0.100
1.300	2.795
1.300	0.100
1.300	0.100
1.300	0.100
1.300	0.100
1.300	0.100
1.300	2.674
1.300	2.965
1.300	2.914
1.300	0.100
1.300	0.100
1.300	3.115
1.300	2.480
1.300	2.714
1.300	3.228
1.300	3.332
1.300	0.100
1.300	3.086
1.300	0.100
1.300	0.100
1.300	0.100
1.300	2.869
1.300	0.100
1.300	0.100
1.300	2.585
1.300	2.863
1.300	0.100
1.300	3.090
1.300	2.245
1.300	0.101
1.300	2.436
1.300	0.100
1.300	2.191
1.300	2.970
1.300	2.872
1.300	0.100
1.300	3.365
2.300	3.185
2.300	2.867
2.300	2.786
2.300	2.858
2.300	0.101
2.300	3.468
2.300	0.158
2.300	0.244
2.300	0.128
2.300	0.322
2.300	0.266
2.300	3.364
2.300	3.157
2.300	0.127
2.300	0.198
2.300	3.157
2.300	2.957
2.300	3.411
2.300	0.101
2.300	3.478
2.300	0.124
2.300	3.191
2.300	0.184
2.300	3.502
2.300	2.903
2.300	0.100
2.300	3.265
2.300	3.477
2.300	0.248
2.300	3.490
2.300	0.194
2.300	0.324
2.300	0.246
2.300	3.446
2.300	3.191
2.300	0.168
2.300	3.261
2.300	0.211
2.300	0.193
2.300	0.133
2.300	0.293
2.300	2.863
2.300	2.831
2.300	0.102
2.300	3.378
2.300	0.124
2.300	3.397
2.300	0.118
2.300	0.332
2.300	3.452
2.300	3.104
2.300	2.981
2.300	3.362
2.300	0.288
2.300	3.036
2.300	3.378
2.300	0.141
2.300	0.208
2.300	0.142
2.300	3.183
2.300	0.279
2.300	0.339
2.300	0.279
2.300	0.128
2.300	2.965
2.300	3.324
2.300	3.268
2.300	0.115
2.300	3.137
2.300	0.101
2.300	0.190
2.300	3.461
2.300	3.049
2.300	3.209
2.300	0.270
2.300	3.080
2.300	0.286
2.300	0.102
2.300	3.146
2.300	0.295
2.300	2.990
2.300	3.363
2.300	3.464
2.300	3.256
2.300	0.332
2.300	0.362
2.300	0.143
2.300	0.353
2.300	3.051
2.300	3.434
2.300	3.300
2.300	0.180
2.300	0.124
2.300	3.469
2.300	0.239
2.300	0.134
2.300	0.163
2.300	3.070
2.300	3.284
2.300	0.179
3.300	0.995
3.300	1.321
3.300	13.996
3.300	18.267
3.300	11.121
3.300	11.705
3.300	1.677
3.300	11.177
3.300	0.215
3.300	10.679
3.300	1.304
3.300	1.736
3.300	1.644
3.300	11.480
3.300	1.622
3.300	11.360
3.300	9.770
3.300	0.956
3.300	16.008
3.300	11.849
3.300	11.919
3.300	12.505
3.300	18.732
3.300	12.727
3.300	1.030
3.300	0.196
3.300	9.616
3.300	0.645
3.300	11.935
3.300	0.511
3.300	11.315
3.300	13.255
3.300	16.682
3.300	11.715
3.300	11.154
3.300	0.698
3.300	1.210
3.300	1.299
3.300	10.097
3.300	0.586
3.300	19.900
3.300	12.231
3.300	0.102
3.300	1.742
3.300	12.544
3.300	0.833
3.300	0.125
3.300	11.377
3.300	0.725
3.300	10.453
3.300	12.410
3.300	10.488
3.300	1.276
3.300	0.396
3.300	1.168
3.300	0.644
3.300	0.967
3.300	0.332
3.300	11.172
3.300	11.905
3.300	0.127
3.300	0.126
3.300	1.205
3.300	1.613
3.300	1.107
3.300	12.105
3.300	12.973
3.300	1.682
3.300	1.528
3.300	10.350
3.300	1.098
3.300	10.781
3.300	17.652
3.300	13.081
3.300	10.514
3.300	0.550
3.300	0.790
3.300	0.887
3.300	14.678
3.300	9.763
3.300	1.556
3.300	12.748
3.300	10.077
3.300	11.917
3.300	0.256
3.300	1.742
3.300	0.491
3.300	1.052
3.300	0.114
3.300	14.354
3.300	0.117
3.300	1.306
3.300	0.301
3.300	11.752
3.300	1.618
3.300	9.651
3.300	10.509
3.300	0.445
3.300	12.018
3.300	10.577
